61
0.000000 0.000000 1.000000 0.000000 0.000000 1.000000 0.500000 0.500000
1.000000 0.000000 1.000000 0.000000 0.000000 1.000000 1.000000 0.500000
0.994522 0.104528 1.000000 0.000000 0.000000 1.000000 0.997261 0.552264
0.978148 0.207912 1.000000 0.000000 0.000000 1.000000 0.989074 0.603956
0.951057 0.309017 1.000000 0.000000 0.000000 1.000000 0.975528 0.654508
0.913545 0.406737 1.000000 0.000000 0.000000 1.000000 0.956773 0.703368
0.866025 0.500000 1.000000 0.000000 0.000000 1.000000 0.933013 0.750000
0.809017 0.587785 1.000000 0.000000 0.000000 1.000000 0.904508 0.793893
0.743145 0.669131 1.000000 0.000000 0.000000 1.000000 0.871572 0.834565
0.669131 0.743145 1.000000 0.000000 0.000000 1.000000 0.834565 0.871572
0.587785 0.809017 1.000000 0.000000 0.000000 1.000000 0.793893 0.904508
0.500000 0.866025 1.000000 0.000000 0.000000 1.000000 0.750000 0.933013
0.406737 0.913545 1.000000 0.000000 0.000000 1.000000 0.703368 0.956773
0.309017 0.951057 1.000000 0.000000 0.000000 1.000000 0.654508 0.975528
0.207912 0.978148 1.000000 0.000000 0.000000 1.000000 0.603956 0.989074
0.104528 0.994522 1.000000 0.000000 0.000000 1.000000 0.552264 0.997261
0.000000 1.000000 1.000000 0.000000 0.000000 1.000000 0.500000 1.000000
-0.104528 0.994522 1.000000 0.000000 0.000000 1.000000 0.447736 0.997261
-0.207912 0.978148 1.000000 0.000000 0.000000 1.000000 0.396044 0.989074
-0.309017 0.951057 1.000000 0.000000 0.000000 1.000000 0.345492 0.975528
-0.406737 0.913545 1.000000 0.000000 0.000000 1.000000 0.296632 0.956773
-0.500000 0.866025 1.000000 0.000000 0.000000 1.000000 0.250000 0.933013
-0.587785 0.809017 1.000000 0.000000 0.000000 1.000000 0.206107 0.904508
-0.669131 0.743145 1.000000 0.000000 0.000000 1.000000 0.165435 0.871572
-0.743145 0.669131 1.000000 0.000000 0.000000 1.000000 0.128428 0.834565
-0.809017 0.587785 1.000000 0.000000 0.000000 1.000000 0.095492 0.793893
-0.866025 0.500000 1.000000 0.000000 0.000000 1.000000 0.066987 0.750000
-0.913545 0.406737 1.000000 0.000000 0.000000 1.000000 0.043227 0.703368
-0.951057 0.309017 1.000000 0.000000 0.000000 1.000000 0.024472 0.654508
-0.978148 0.207912 1.000000 0.000000 0.000000 1.000000 0.010926 0.603956
-0.994522 0.104528 1.000000 0.000000 0.000000 1.000000 0.002739 0.552264
-1.000000 0.000000 1.000000 0.000000 0.000000 1.000000 0.000000 0.500000
-0.994522 -0.104528 1.000000 0.000000 0.000000 1.000000 0.002739 0.447736
-0.978148 -0.207912 1.000000 0.000000 0.000000 1.000000 0.010926 0.396044
-0.951057 -0.309017 1.000000 0.000000 0.000000 1.000000 0.024472 0.345492
-0.913545 -0.406737 1.000000 0.000000 0.000000 1.000000 0.043227 0.296632
-0.866025 -0.500000 1.000000 0.000000 0.000000 1.000000 0.066987 0.250000
-0.809017 -0.587785 1.000000 0.000000 0.000000 1.000000 0.095492 0.206107
-0.743145 -0.669131 1.000000 0.000000 0.000000 1.000000 0.128428 0.165435
-0.669131 -0.743145 1.000000 0.000000 0.000000 1.000000 0.165435 0.128428
-0.587785 -0.809017 1.000000 0.000000 0.000000 1.000000 0.206107 0.095492
-0.500000 -0.866025 1.000000 0.000000 0.000000 1.000000 0.250000 0.066987
-0.406737 -0.913545 1.000000 0.000000 0.000000 1.000000 0.296632 0.043227
-0.309017 -0.951057 1.000000 0.000000 0.000000 1.000000 0.345492 0.024472
-0.207912 -0.978148 1.000000 0.000000 0.000000 1.000000 0.396044 0.010926
-0.104528 -0.994522 1.000000 0.000000 0.000000 1.000000 0.447736 0.002739
-0.000000 -1.000000 1.000000 0.000000 0.000000 1.000000 0.500000 0.000000
0.104528 -0.994522 1.000000 0.000000 0.000000 1.000000 0.552264 0.002739
0.207912 -0.978148 1.000000 0.000000 0.000000 1.000000 0.603956 0.010926
0.309017 -0.951057 1.000000 0.000000 0.000000 1.000000 0.654508 0.024472
0.406737 -0.913545 1.000000 0.000000 0.000000 1.000000 0.703368 0.043227
0.500000 -0.866025 1.000000 0.000000 0.000000 1.000000 0.750000 0.066987
0.587785 -0.809017 1.000000 0.000000 0.000000 1.000000 0.793893 0.095492
0.669131 -0.743145 1.000000 0.000000 0.000000 1.000000 0.834565 0.128428
0.743145 -0.669131 1.000000 0.000000 0.000000 1.000000 0.871572 0.165435
0.809017 -0.587785 1.000000 0.000000 0.000000 1.000000 0.904508 0.206107
0.866025 -0.500000 1.000000 0.000000 0.000000 1.000000 0.933013 0.250000
0.913545 -0.406737 1.000000 0.000000 0.000000 1.000000 0.956773 0.296632
0.951057 -0.309017 1.000000 0.000000 0.000000 1.000000 0.975528 0.345492
0.978148 -0.207912 1.000000 0.000000 0.000000 1.000000 0.989074 0.396044
0.994522 -0.104528 1.000000 0.000000 0.000000 1.000000 0.997261 0.447736
60
3 0 1 2
3 0 2 3
3 0 3 4
3 0 4 5
3 0 5 6
3 0 6 7
3 0 7 8
3 0 8 9
3 0 9 10
3 0 10 11
3 0 11 12
3 0 12 13
3 0 13 14
3 0 14 15
3 0 15 16
3 0 16 17
3 0 17 18
3 0 18 19
3 0 19 20
3 0 20 21
3 0 21 22
3 0 22 23
3 0 23 24
3 0 24 25
3 0 25 26
3 0 26 27
3 0 27 28
3 0 28 29
3 0 29 30
3 0 30 31
3 0 31 32
3 0 32 33
3 0 33 34
3 0 34 35
3 0 35 36
3 0 36 37
3 0 37 38
3 0 38 39
3 0 39 40
3 0 40 41
3 0 41 42
3 0 42 43
3 0 43 44
3 0 44 45
3 0 45 46
3 0 46 47
3 0 47 48
3 0 48 49
3 0 49 50
3 0 50 51
3 0 51 52
3 0 52 53
3 0 53 54
3 0 54 55
3 0 55 56
3 0 56 57
3 0 57 58
3 0 58 59
3 0 59 60
3 0 60 1
