305
1.000000 0.000000 -1.000000 1.000000 0.000000 0.000000 0.000000 0.000000
0.994522 0.104528 -1.000000 0.994522 0.104528 0.000000 0.016667 0.000000
0.978148 0.207912 -1.000000 0.978148 0.207912 0.000000 0.033333 0.000000
0.951057 0.309017 -1.000000 0.951057 0.309017 0.000000 0.050000 0.000000
0.913545 0.406737 -1.000000 0.913545 0.406737 0.000000 0.066667 0.000000
0.866025 0.500000 -1.000000 0.866025 0.500000 0.000000 0.083333 0.000000
0.809017 0.587785 -1.000000 0.809017 0.587785 0.000000 0.100000 0.000000
0.743145 0.669131 -1.000000 0.743145 0.669131 0.000000 0.116667 0.000000
0.669131 0.743145 -1.000000 0.669131 0.743145 0.000000 0.133333 0.000000
0.587785 0.809017 -1.000000 0.587785 0.809017 0.000000 0.150000 0.000000
0.500000 0.866025 -1.000000 0.500000 0.866025 0.000000 0.166667 0.000000
0.406737 0.913545 -1.000000 0.406737 0.913545 0.000000 0.183333 0.000000
0.309017 0.951057 -1.000000 0.309017 0.951057 0.000000 0.200000 0.000000
0.207912 0.978148 -1.000000 0.207912 0.978148 0.000000 0.216667 0.000000
0.104528 0.994522 -1.000000 0.104528 0.994522 0.000000 0.233333 0.000000
0.000000 1.000000 -1.000000 0.000000 1.000000 0.000000 0.250000 0.000000
-0.104528 0.994522 -1.000000 -0.104528 0.994522 0.000000 0.266667 0.000000
-0.207912 0.978148 -1.000000 -0.207912 0.978148 0.000000 0.283333 0.000000
-0.309017 0.951057 -1.000000 -0.309017 0.951057 0.000000 0.300000 0.000000
-0.406737 0.913545 -1.000000 -0.406737 0.913545 0.000000 0.316667 0.000000
-0.500000 0.866025 -1.000000 -0.500000 0.866025 0.000000 0.333333 0.000000
-0.587785 0.809017 -1.000000 -0.587785 0.809017 0.000000 0.350000 0.000000
-0.669131 0.743145 -1.000000 -0.669131 0.743145 0.000000 0.366667 0.000000
-0.743145 0.669131 -1.000000 -0.743145 0.669131 0.000000 0.383333 0.000000
-0.809017 0.587785 -1.000000 -0.809017 0.587785 0.000000 0.400000 0.000000
-0.866025 0.500000 -1.000000 -0.866025 0.500000 0.000000 0.416667 0.000000
-0.913545 0.406737 -1.000000 -0.913545 0.406737 0.000000 0.433333 0.000000
-0.951057 0.309017 -1.000000 -0.951057 0.309017 0.000000 0.450000 0.000000
-0.978148 0.207912 -1.000000 -0.978148 0.207912 0.000000 0.466667 0.000000
-0.994522 0.104528 -1.000000 -0.994522 0.104528 0.000000 0.483333 0.000000
-1.000000 0.000000 -1.000000 -1.000000 0.000000 0.000000 0.500000 0.000000
-0.994522 -0.104528 -1.000000 -0.994522 -0.104528 0.000000 0.516667 0.000000
-0.978148 -0.207912 -1.000000 -0.978148 -0.207912 0.000000 0.533333 0.000000
-0.951057 -0.309017 -1.000000 -0.951057 -0.309017 0.000000 0.550000 0.000000
-0.913545 -0.406737 -1.000000 -0.913545 -0.406737 0.000000 0.566667 0.000000
-0.866025 -0.500000 -1.000000 -0.866025 -0.500000 0.000000 0.583333 0.000000
-0.809017 -0.587785 -1.000000 -0.809017 -0.587785 0.000000 0.600000 0.000000
-0.743145 -0.669131 -1.000000 -0.743145 -0.669131 0.000000 0.616667 0.000000
-0.669131 -0.743145 -1.000000 -0.669131 -0.743145 0.000000 0.633333 0.000000
-0.587785 -0.809017 -1.000000 -0.587785 -0.809017 0.000000 0.650000 0.000000
-0.500000 -0.866025 -1.000000 -0.500000 -0.866025 0.000000 0.666667 0.000000
-0.406737 -0.913545 -1.000000 -0.406737 -0.913545 0.000000 0.683333 0.000000
-0.309017 -0.951057 -1.000000 -0.309017 -0.951057 0.000000 0.700000 0.000000
-0.207912 -0.978148 -1.000000 -0.207912 -0.978148 0.000000 0.716667 0.000000
-0.104528 -0.994522 -1.000000 -0.104528 -0.994522 0.000000 0.733333 0.000000
-0.000000 -1.000000 -1.000000 -0.000000 -1.000000 0.000000 0.750000 0.000000
0.104528 -0.994522 -1.000000 0.104528 -0.994522 0.000000 0.766667 0.000000
0.207912 -0.978148 -1.000000 0.207912 -0.978148 0.000000 0.783333 0.000000
0.309017 -0.951057 -1.000000 0.309017 -0.951057 0.000000 0.800000 0.000000
0.406737 -0.913545 -1.000000 0.406737 -0.913545 0.000000 0.816667 0.000000
0.500000 -0.866025 -1.000000 0.500000 -0.866025 0.000000 0.833333 0.000000
0.587785 -0.809017 -1.000000 0.587785 -0.809017 0.000000 0.850000 0.000000
0.669131 -0.743145 -1.000000 0.669131 -0.743145 0.000000 0.866667 0.000000
0.743145 -0.669131 -1.000000 0.743145 -0.669131 0.000000 0.883333 0.000000
0.809017 -0.587785 -1.000000 0.809017 -0.587785 0.000000 0.900000 0.000000
0.866025 -0.500000 -1.000000 0.866025 -0.500000 0.000000 0.916667 0.000000
0.913545 -0.406737 -1.000000 0.913545 -0.406737 0.000000 0.933333 0.000000
0.951057 -0.309017 -1.000000 0.951057 -0.309017 0.000000 0.950000 0.000000
0.978148 -0.207912 -1.000000 0.978148 -0.207912 0.000000 0.966667 0.000000
0.994522 -0.104528 -1.000000 0.994522 -0.104528 0.000000 0.983333 0.000000
1.000000 -0.000000 -1.000000 1.000000 -0.000000 0.000000 1.000000 0.000000
1.000000 0.000000 -0.500000 1.000000 0.000000 0.000000 0.000000 0.250000
0.994522 0.104528 -0.500000 0.994522 0.104528 0.000000 0.016667 0.250000
0.978148 0.207912 -0.500000 0.978148 0.207912 0.000000 0.033333 0.250000
0.951057 0.309017 -0.500000 0.951057 0.309017 0.000000 0.050000 0.250000
0.913545 0.406737 -0.500000 0.913545 0.406737 0.000000 0.066667 0.250000
0.866025 0.500000 -0.500000 0.866025 0.500000 0.000000 0.083333 0.250000
0.809017 0.587785 -0.500000 0.809017 0.587785 0.000000 0.100000 0.250000
0.743145 0.669131 -0.500000 0.743145 0.669131 0.000000 0.116667 0.250000
0.669131 0.743145 -0.500000 0.669131 0.743145 0.000000 0.133333 0.250000
0.587785 0.809017 -0.500000 0.587785 0.809017 0.000000 0.150000 0.250000
0.500000 0.866025 -0.500000 0.500000 0.866025 0.000000 0.166667 0.250000
0.406737 0.913545 -0.500000 0.406737 0.913545 0.000000 0.183333 0.250000
0.309017 0.951057 -0.500000 0.309017 0.951057 0.000000 0.200000 0.250000
0.207912 0.978148 -0.500000 0.207912 0.978148 0.000000 0.216667 0.250000
0.104528 0.994522 -0.500000 0.104528 0.994522 0.000000 0.233333 0.250000
0.000000 1.000000 -0.500000 0.000000 1.000000 0.000000 0.250000 0.250000
-0.104528 0.994522 -0.500000 -0.104528 0.994522 0.000000 0.266667 0.250000
-0.207912 0.978148 -0.500000 -0.207912 0.978148 0.000000 0.283333 0.250000
-0.309017 0.951057 -0.500000 -0.309017 0.951057 0.000000 0.300000 0.250000
-0.406737 0.913545 -0.500000 -0.406737 0.913545 0.000000 0.316667 0.250000
-0.500000 0.866025 -0.500000 -0.500000 0.866025 0.000000 0.333333 0.250000
-0.587785 0.809017 -0.500000 -0.587785 0.809017 0.000000 0.350000 0.250000
-0.669131 0.743145 -0.500000 -0.669131 0.743145 0.000000 0.366667 0.250000
-0.743145 0.669131 -0.500000 -0.743145 0.669131 0.000000 0.383333 0.250000
-0.809017 0.587785 -0.500000 -0.809017 0.587785 0.000000 0.400000 0.250000
-0.866025 0.500000 -0.500000 -0.866025 0.500000 0.000000 0.416667 0.250000
-0.913545 0.406737 -0.500000 -0.913545 0.406737 0.000000 0.433333 0.250000
-0.951057 0.309017 -0.500000 -0.951057 0.309017 0.000000 0.450000 0.250000
-0.978148 0.207912 -0.500000 -0.978148 0.207912 0.000000 0.466667 0.250000
-0.994522 0.104528 -0.500000 -0.994522 0.104528 0.000000 0.483333 0.250000
-1.000000 0.000000 -0.500000 -1.000000 0.000000 0.000000 0.500000 0.250000
-0.994522 -0.104528 -0.500000 -0.994522 -0.104528 0.000000 0.516667 0.250000
-0.978148 -0.207912 -0.500000 -0.978148 -0.207912 0.000000 0.533333 0.250000
-0.951057 -0.309017 -0.500000 -0.951057 -0.309017 0.000000 0.550000 0.250000
-0.913545 -0.406737 -0.500000 -0.913545 -0.406737 0.000000 0.566667 0.250000
-0.866025 -0.500000 -0.500000 -0.866025 -0.500000 0.000000 0.583333 0.250000
-0.809017 -0.587785 -0.500000 -0.809017 -0.587785 0.000000 0.600000 0.250000
-0.743145 -0.669131 -0.500000 -0.743145 -0.669131 0.000000 0.616667 0.250000
-0.669131 -0.743145 -0.500000 -0.669131 -0.743145 0.000000 0.633333 0.250000
-0.587785 -0.809017 -0.500000 -0.587785 -0.809017 0.000000 0.650000 0.250000
-0.500000 -0.866025 -0.500000 -0.500000 -0.866025 0.000000 0.666667 0.250000
-0.406737 -0.913545 -0.500000 -0.406737 -0.913545 0.000000 0.683333 0.250000
-0.309017 -0.951057 -0.500000 -0.309017 -0.951057 0.000000 0.700000 0.250000
-0.207912 -0.978148 -0.500000 -0.207912 -0.978148 0.000000 0.716667 0.250000
-0.104528 -0.994522 -0.500000 -0.104528 -0.994522 0.000000 0.733333 0.250000
-0.000000 -1.000000 -0.500000 -0.000000 -1.000000 0.000000 0.750000 0.250000
0.104528 -0.994522 -0.500000 0.104528 -0.994522 0.000000 0.766667 0.250000
0.207912 -0.978148 -0.500000 0.207912 -0.978148 0.000000 0.783333 0.250000
0.309017 -0.951057 -0.500000 0.309017 -0.951057 0.000000 0.800000 0.250000
0.406737 -0.913545 -0.500000 0.406737 -0.913545 0.000000 0.816667 0.250000
0.500000 -0.866025 -0.500000 0.500000 -0.866025 0.000000 0.833333 0.250000
0.587785 -0.809017 -0.500000 0.587785 -0.809017 0.000000 0.850000 0.250000
0.669131 -0.743145 -0.500000 0.669131 -0.743145 0.000000 0.866667 0.250000
0.743145 -0.669131 -0.500000 0.743145 -0.669131 0.000000 0.883333 0.250000
0.809017 -0.587785 -0.500000 0.809017 -0.587785 0.000000 0.900000 0.250000
0.866025 -0.500000 -0.500000 0.866025 -0.500000 0.000000 0.916667 0.250000
0.913545 -0.406737 -0.500000 0.913545 -0.406737 0.000000 0.933333 0.250000
0.951057 -0.309017 -0.500000 0.951057 -0.309017 0.000000 0.950000 0.250000
0.978148 -0.207912 -0.500000 0.978148 -0.207912 0.000000 0.966667 0.250000
0.994522 -0.104528 -0.500000 0.994522 -0.104528 0.000000 0.983333 0.250000
1.000000 -0.000000 -0.500000 1.000000 -0.000000 0.000000 1.000000 0.250000
1.000000 0.000000 0.000000 1.000000 0.000000 0.000000 0.000000 0.500000
0.994522 0.104528 0.000000 0.994522 0.104528 0.000000 0.016667 0.500000
0.978148 0.207912 0.000000 0.978148 0.207912 0.000000 0.033333 0.500000
0.951057 0.309017 0.000000 0.951057 0.309017 0.000000 0.050000 0.500000
0.913545 0.406737 0.000000 0.913545 0.406737 0.000000 0.066667 0.500000
0.866025 0.500000 0.000000 0.866025 0.500000 0.000000 0.083333 0.500000
0.809017 0.587785 0.000000 0.809017 0.587785 0.000000 0.100000 0.500000
0.743145 0.669131 0.000000 0.743145 0.669131 0.000000 0.116667 0.500000
0.669131 0.743145 0.000000 0.669131 0.743145 0.000000 0.133333 0.500000
0.587785 0.809017 0.000000 0.587785 0.809017 0.000000 0.150000 0.500000
0.500000 0.866025 0.000000 0.500000 0.866025 0.000000 0.166667 0.500000
0.406737 0.913545 0.000000 0.406737 0.913545 0.000000 0.183333 0.500000
0.309017 0.951057 0.000000 0.309017 0.951057 0.000000 0.200000 0.500000
0.207912 0.978148 0.000000 0.207912 0.978148 0.000000 0.216667 0.500000
0.104528 0.994522 0.000000 0.104528 0.994522 0.000000 0.233333 0.500000
0.000000 1.000000 0.000000 0.000000 1.000000 0.000000 0.250000 0.500000
-0.104528 0.994522 0.000000 -0.104528 0.994522 0.000000 0.266667 0.500000
-0.207912 0.978148 0.000000 -0.207912 0.978148 0.000000 0.283333 0.500000
-0.309017 0.951057 0.000000 -0.309017 0.951057 0.000000 0.300000 0.500000
-0.406737 0.913545 0.000000 -0.406737 0.913545 0.000000 0.316667 0.500000
-0.500000 0.866025 0.000000 -0.500000 0.866025 0.000000 0.333333 0.500000
-0.587785 0.809017 0.000000 -0.587785 0.809017 0.000000 0.350000 0.500000
-0.669131 0.743145 0.000000 -0.669131 0.743145 0.000000 0.366667 0.500000
-0.743145 0.669131 0.000000 -0.743145 0.669131 0.000000 0.383333 0.500000
-0.809017 0.587785 0.000000 -0.809017 0.587785 0.000000 0.400000 0.500000
-0.866025 0.500000 0.000000 -0.866025 0.500000 0.000000 0.416667 0.500000
-0.913545 0.406737 0.000000 -0.913545 0.406737 0.000000 0.433333 0.500000
-0.951057 0.309017 0.000000 -0.951057 0.309017 0.000000 0.450000 0.500000
-0.978148 0.207912 0.000000 -0.978148 0.207912 0.000000 0.466667 0.500000
-0.994522 0.104528 0.000000 -0.994522 0.104528 0.000000 0.483333 0.500000
-1.000000 0.000000 0.000000 -1.000000 0.000000 0.000000 0.500000 0.500000
-0.994522 -0.104528 0.000000 -0.994522 -0.104528 0.000000 0.516667 0.500000
-0.978148 -0.207912 0.000000 -0.978148 -0.207912 0.000000 0.533333 0.500000
-0.951057 -0.309017 0.000000 -0.951057 -0.309017 0.000000 0.550000 0.500000
-0.913545 -0.406737 0.000000 -0.913545 -0.406737 0.000000 0.566667 0.500000
-0.866025 -0.500000 0.000000 -0.866025 -0.500000 0.000000 0.583333 0.500000
-0.809017 -0.587785 0.000000 -0.809017 -0.587785 0.000000 0.600000 0.500000
-0.743145 -0.669131 0.000000 -0.743145 -0.669131 0.000000 0.616667 0.500000
-0.669131 -0.743145 0.000000 -0.669131 -0.743145 0.000000 0.633333 0.500000
-0.587785 -0.809017 0.000000 -0.587785 -0.809017 0.000000 0.650000 0.500000
-0.500000 -0.866025 0.000000 -0.500000 -0.866025 0.000000 0.666667 0.500000
-0.406737 -0.913545 0.000000 -0.406737 -0.913545 0.000000 0.683333 0.500000
-0.309017 -0.951057 0.000000 -0.309017 -0.951057 0.000000 0.700000 0.500000
-0.207912 -0.978148 0.000000 -0.207912 -0.978148 0.000000 0.716667 0.500000
-0.104528 -0.994522 0.000000 -0.104528 -0.994522 0.000000 0.733333 0.500000
-0.000000 -1.000000 0.000000 -0.000000 -1.000000 0.000000 0.750000 0.500000
0.104528 -0.994522 0.000000 0.104528 -0.994522 0.000000 0.766667 0.500000
0.207912 -0.978148 0.000000 0.207912 -0.978148 0.000000 0.783333 0.500000
0.309017 -0.951057 0.000000 0.309017 -0.951057 0.000000 0.800000 0.500000
0.406737 -0.913545 0.000000 0.406737 -0.913545 0.000000 0.816667 0.500000
0.500000 -0.866025 0.000000 0.500000 -0.866025 0.000000 0.833333 0.500000
0.587785 -0.809017 0.000000 0.587785 -0.809017 0.000000 0.850000 0.500000
0.669131 -0.743145 0.000000 0.669131 -0.743145 0.000000 0.866667 0.500000
0.743145 -0.669131 0.000000 0.743145 -0.669131 0.000000 0.883333 0.500000
0.809017 -0.587785 0.000000 0.809017 -0.587785 0.000000 0.900000 0.500000
0.866025 -0.500000 0.000000 0.866025 -0.500000 0.000000 0.916667 0.500000
0.913545 -0.406737 0.000000 0.913545 -0.406737 0.000000 0.933333 0.500000
0.951057 -0.309017 0.000000 0.951057 -0.309017 0.000000 0.950000 0.500000
0.978148 -0.207912 0.000000 0.978148 -0.207912 0.000000 0.966667 0.500000
0.994522 -0.104528 0.000000 0.994522 -0.104528 0.000000 0.983333 0.500000
1.000000 -0.000000 0.000000 1.000000 -0.000000 0.000000 1.000000 0.500000
1.000000 0.000000 0.500000 1.000000 0.000000 0.000000 0.000000 0.750000
0.994522 0.104528 0.500000 0.994522 0.104528 0.000000 0.016667 0.750000
0.978148 0.207912 0.500000 0.978148 0.207912 0.000000 0.033333 0.750000
0.951057 0.309017 0.500000 0.951057 0.309017 0.000000 0.050000 0.750000
0.913545 0.406737 0.500000 0.913545 0.406737 0.000000 0.066667 0.750000
0.866025 0.500000 0.500000 0.866025 0.500000 0.000000 0.083333 0.750000
0.809017 0.587785 0.500000 0.809017 0.587785 0.000000 0.100000 0.750000
0.743145 0.669131 0.500000 0.743145 0.669131 0.000000 0.116667 0.750000
0.669131 0.743145 0.500000 0.669131 0.743145 0.000000 0.133333 0.750000
0.587785 0.809017 0.500000 0.587785 0.809017 0.000000 0.150000 0.750000
0.500000 0.866025 0.500000 0.500000 0.866025 0.000000 0.166667 0.750000
0.406737 0.913545 0.500000 0.406737 0.913545 0.000000 0.183333 0.750000
0.309017 0.951057 0.500000 0.309017 0.951057 0.000000 0.200000 0.750000
0.207912 0.978148 0.500000 0.207912 0.978148 0.000000 0.216667 0.750000
0.104528 0.994522 0.500000 0.104528 0.994522 0.000000 0.233333 0.750000
0.000000 1.000000 0.500000 0.000000 1.000000 0.000000 0.250000 0.750000
-0.104528 0.994522 0.500000 -0.104528 0.994522 0.000000 0.266667 0.750000
-0.207912 0.978148 0.500000 -0.207912 0.978148 0.000000 0.283333 0.750000
-0.309017 0.951057 0.500000 -0.309017 0.951057 0.000000 0.300000 0.750000
-0.406737 0.913545 0.500000 -0.406737 0.913545 0.000000 0.316667 0.750000
-0.500000 0.866025 0.500000 -0.500000 0.866025 0.000000 0.333333 0.750000
-0.587785 0.809017 0.500000 -0.587785 0.809017 0.000000 0.350000 0.750000
-0.669131 0.743145 0.500000 -0.669131 0.743145 0.000000 0.366667 0.750000
-0.743145 0.669131 0.500000 -0.743145 0.669131 0.000000 0.383333 0.750000
-0.809017 0.587785 0.500000 -0.809017 0.587785 0.000000 0.400000 0.750000
-0.866025 0.500000 0.500000 -0.866025 0.500000 0.000000 0.416667 0.750000
-0.913545 0.406737 0.500000 -0.913545 0.406737 0.000000 0.433333 0.750000
-0.951057 0.309017 0.500000 -0.951057 0.309017 0.000000 0.450000 0.750000
-0.978148 0.207912 0.500000 -0.978148 0.207912 0.000000 0.466667 0.750000
-0.994522 0.104528 0.500000 -0.994522 0.104528 0.000000 0.483333 0.750000
-1.000000 0.000000 0.500000 -1.000000 0.000000 0.000000 0.500000 0.750000
-0.994522 -0.104528 0.500000 -0.994522 -0.104528 0.000000 0.516667 0.750000
-0.978148 -0.207912 0.500000 -0.978148 -0.207912 0.000000 0.533333 0.750000
-0.951057 -0.309017 0.500000 -0.951057 -0.309017 0.000000 0.550000 0.750000
-0.913545 -0.406737 0.500000 -0.913545 -0.406737 0.000000 0.566667 0.750000
-0.866025 -0.500000 0.500000 -0.866025 -0.500000 0.000000 0.583333 0.750000
-0.809017 -0.587785 0.500000 -0.809017 -0.587785 0.000000 0.600000 0.750000
-0.743145 -0.669131 0.500000 -0.743145 -0.669131 0.000000 0.616667 0.750000
-0.669131 -0.743145 0.500000 -0.669131 -0.743145 0.000000 0.633333 0.750000
-0.587785 -0.809017 0.500000 -0.587785 -0.809017 0.000000 0.650000 0.750000
-0.500000 -0.866025 0.500000 -0.500000 -0.866025 0.000000 0.666667 0.750000
-0.406737 -0.913545 0.500000 -0.406737 -0.913545 0.000000 0.683333 0.750000
-0.309017 -0.951057 0.500000 -0.309017 -0.951057 0.000000 0.700000 0.750000
-0.207912 -0.978148 0.500000 -0.207912 -0.978148 0.000000 0.716667 0.750000
-0.104528 -0.994522 0.500000 -0.104528 -0.994522 0.000000 0.733333 0.750000
-0.000000 -1.000000 0.500000 -0.000000 -1.000000 0.000000 0.750000 0.750000
0.104528 -0.994522 0.500000 0.104528 -0.994522 0.000000 0.766667 0.750000
0.207912 -0.978148 0.500000 0.207912 -0.978148 0.000000 0.783333 0.750000
0.309017 -0.951057 0.500000 0.309017 -0.951057 0.000000 0.800000 0.750000
0.406737 -0.913545 0.500000 0.406737 -0.913545 0.000000 0.816667 0.750000
0.500000 -0.866025 0.500000 0.500000 -0.866025 0.000000 0.833333 0.750000
0.587785 -0.809017 0.500000 0.587785 -0.809017 0.000000 0.850000 0.750000
0.669131 -0.743145 0.500000 0.669131 -0.743145 0.000000 0.866667 0.750000
0.743145 -0.669131 0.500000 0.743145 -0.669131 0.000000 0.883333 0.750000
0.809017 -0.587785 0.500000 0.809017 -0.587785 0.000000 0.900000 0.750000
0.866025 -0.500000 0.500000 0.866025 -0.500000 0.000000 0.916667 0.750000
0.913545 -0.406737 0.500000 0.913545 -0.406737 0.000000 0.933333 0.750000
0.951057 -0.309017 0.500000 0.951057 -0.309017 0.000000 0.950000 0.750000
0.978148 -0.207912 0.500000 0.978148 -0.207912 0.000000 0.966667 0.750000
0.994522 -0.104528 0.500000 0.994522 -0.104528 0.000000 0.983333 0.750000
1.000000 -0.000000 0.500000 1.000000 -0.000000 0.000000 1.000000 0.750000
1.000000 0.000000 1.000000 1.000000 0.000000 0.000000 0.000000 1.000000
0.994522 0.104528 1.000000 0.994522 0.104528 0.000000 0.016667 1.000000
0.978148 0.207912 1.000000 0.978148 0.207912 0.000000 0.033333 1.000000
0.951057 0.309017 1.000000 0.951057 0.309017 0.000000 0.050000 1.000000
0.913545 0.406737 1.000000 0.913545 0.406737 0.000000 0.066667 1.000000
0.866025 0.500000 1.000000 0.866025 0.500000 0.000000 0.083333 1.000000
0.809017 0.587785 1.000000 0.809017 0.587785 0.000000 0.100000 1.000000
0.743145 0.669131 1.000000 0.743145 0.669131 0.000000 0.116667 1.000000
0.669131 0.743145 1.000000 0.669131 0.743145 0.000000 0.133333 1.000000
0.587785 0.809017 1.000000 0.587785 0.809017 0.000000 0.150000 1.000000
0.500000 0.866025 1.000000 0.500000 0.866025 0.000000 0.166667 1.000000
0.406737 0.913545 1.000000 0.406737 0.913545 0.000000 0.183333 1.000000
0.309017 0.951057 1.000000 0.309017 0.951057 0.000000 0.200000 1.000000
0.207912 0.978148 1.000000 0.207912 0.978148 0.000000 0.216667 1.000000
0.104528 0.994522 1.000000 0.104528 0.994522 0.000000 0.233333 1.000000
0.000000 1.000000 1.000000 0.000000 1.000000 0.000000 0.250000 1.000000
-0.104528 0.994522 1.000000 -0.104528 0.994522 0.000000 0.266667 1.000000
-0.207912 0.978148 1.000000 -0.207912 0.978148 0.000000 0.283333 1.000000
-0.309017 0.951057 1.000000 -0.309017 0.951057 0.000000 0.300000 1.000000
-0.406737 0.913545 1.000000 -0.406737 0.913545 0.000000 0.316667 1.000000
-0.500000 0.866025 1.000000 -0.500000 0.866025 0.000000 0.333333 1.000000
-0.587785 0.809017 1.000000 -0.587785 0.809017 0.000000 0.350000 1.000000
-0.669131 0.743145 1.000000 -0.669131 0.743145 0.000000 0.366667 1.000000
-0.743145 0.669131 1.000000 -0.743145 0.669131 0.000000 0.383333 1.000000
-0.809017 0.587785 1.000000 -0.809017 0.587785 0.000000 0.400000 1.000000
-0.866025 0.500000 1.000000 -0.866025 0.500000 0.000000 0.416667 1.000000
-0.913545 0.406737 1.000000 -0.913545 0.406737 0.000000 0.433333 1.000000
-0.951057 0.309017 1.000000 -0.951057 0.309017 0.000000 0.450000 1.000000
-0.978148 0.207912 1.000000 -0.978148 0.207912 0.000000 0.466667 1.000000
-0.994522 0.104528 1.000000 -0.994522 0.104528 0.000000 0.483333 1.000000
-1.000000 0.000000 1.000000 -1.000000 0.000000 0.000000 0.500000 1.000000
-0.994522 -0.104528 1.000000 -0.994522 -0.104528 0.000000 0.516667 1.000000
-0.978148 -0.207912 1.000000 -0.978148 -0.207912 0.000000 0.533333 1.000000
-0.951057 -0.309017 1.000000 -0.951057 -0.309017 0.000000 0.550000 1.000000
-0.913545 -0.406737 1.000000 -0.913545 -0.406737 0.000000 0.566667 1.000000
-0.866025 -0.500000 1.000000 -0.866025 -0.500000 0.000000 0.583333 1.000000
-0.809017 -0.587785 1.000000 -0.809017 -0.587785 0.000000 0.600000 1.000000
-0.743145 -0.669131 1.000000 -0.743145 -0.669131 0.000000 0.616667 1.000000
-0.669131 -0.743145 1.000000 -0.669131 -0.743145 0.000000 0.633333 1.000000
-0.587785 -0.809017 1.000000 -0.587785 -0.809017 0.000000 0.650000 1.000000
-0.500000 -0.866025 1.000000 -0.500000 -0.866025 0.000000 0.666667 1.000000
-0.406737 -0.913545 1.000000 -0.406737 -0.913545 0.000000 0.683333 1.000000
-0.309017 -0.951057 1.000000 -0.309017 -0.951057 0.000000 0.700000 1.000000
-0.207912 -0.978148 1.000000 -0.207912 -0.978148 0.000000 0.716667 1.000000
-0.104528 -0.994522 1.000000 -0.104528 -0.994522 0.000000 0.733333 1.000000
-0.000000 -1.000000 1.000000 -0.000000 -1.000000 0.000000 0.750000 1.000000
0.104528 -0.994522 1.000000 0.104528 -0.994522 0.000000 0.766667 1.000000
0.207912 -0.978148 1.000000 0.207912 -0.978148 0.000000 0.783333 1.000000
0.309017 -0.951057 1.000000 0.309017 -0.951057 0.000000 0.800000 1.000000
0.406737 -0.913545 1.000000 0.406737 -0.913545 0.000000 0.816667 1.000000
0.500000 -0.866025 1.000000 0.500000 -0.866025 0.000000 0.833333 1.000000
0.587785 -0.809017 1.000000 0.587785 -0.809017 0.000000 0.850000 1.000000
0.669131 -0.743145 1.000000 0.669131 -0.743145 0.000000 0.866667 1.000000
0.743145 -0.669131 1.000000 0.743145 -0.669131 0.000000 0.883333 1.000000
0.809017 -0.587785 1.000000 0.809017 -0.587785 0.000000 0.900000 1.000000
0.866025 -0.500000 1.000000 0.866025 -0.500000 0.000000 0.916667 1.000000
0.913545 -0.406737 1.000000 0.913545 -0.406737 0.000000 0.933333 1.000000
0.951057 -0.309017 1.000000 0.951057 -0.309017 0.000000 0.950000 1.000000
0.978148 -0.207912 1.000000 0.978148 -0.207912 0.000000 0.966667 1.000000
0.994522 -0.104528 1.000000 0.994522 -0.104528 0.000000 0.983333 1.000000
1.000000 -0.000000 1.000000 1.000000 -0.000000 0.000000 1.000000 1.000000
480
3 0 1 62
3 0 62 61
3 1 2 63
3 1 63 62
3 2 3 64
3 2 64 63
3 3 4 65
3 3 65 64
3 4 5 66
3 4 66 65
3 5 6 67
3 5 67 66
3 6 7 68
3 6 68 67
3 7 8 69
3 7 69 68
3 8 9 70
3 8 70 69
3 9 10 71
3 9 71 70
3 10 11 72
3 10 72 71
3 11 12 73
3 11 73 72
3 12 13 74
3 12 74 73
3 13 14 75
3 13 75 74
3 14 15 76
3 14 76 75
3 15 16 77
3 15 77 76
3 16 17 78
3 16 78 77
3 17 18 79
3 17 79 78
3 18 19 80
3 18 80 79
3 19 20 81
3 19 81 80
3 20 21 82
3 20 82 81
3 21 22 83
3 21 83 82
3 22 23 84
3 22 84 83
3 23 24 85
3 23 85 84
3 24 25 86
3 24 86 85
3 25 26 87
3 25 87 86
3 26 27 88
3 26 88 87
3 27 28 89
3 27 89 88
3 28 29 90
3 28 90 89
3 29 30 91
3 29 91 90
3 30 31 92
3 30 92 91
3 31 32 93
3 31 93 92
3 32 33 94
3 32 94 93
3 33 34 95
3 33 95 94
3 34 35 96
3 34 96 95
3 35 36 97
3 35 97 96
3 36 37 98
3 36 98 97
3 37 38 99
3 37 99 98
3 38 39 100
3 38 100 99
3 39 40 101
3 39 101 100
3 40 41 102
3 40 102 101
3 41 42 103
3 41 103 102
3 42 43 104
3 42 104 103
3 43 44 105
3 43 105 104
3 44 45 106
3 44 106 105
3 45 46 107
3 45 107 106
3 46 47 108
3 46 108 107
3 47 48 109
3 47 109 108
3 48 49 110
3 48 110 109
3 49 50 111
3 49 111 110
3 50 51 112
3 50 112 111
3 51 52 113
3 51 113 112
3 52 53 114
3 52 114 113
3 53 54 115
3 53 115 114
3 54 55 116
3 54 116 115
3 55 56 117
3 55 117 116
3 56 57 118
3 56 118 117
3 57 58 119
3 57 119 118
3 58 59 120
3 58 120 119
3 59 60 121
3 59 121 120
3 61 62 123
3 61 123 122
3 62 63 124
3 62 124 123
3 63 64 125
3 63 125 124
3 64 65 126
3 64 126 125
3 65 66 127
3 65 127 126
3 66 67 128
3 66 128 127
3 67 68 129
3 67 129 128
3 68 69 130
3 68 130 129
3 69 70 131
3 69 131 130
3 70 71 132
3 70 132 131
3 71 72 133
3 71 133 132
3 72 73 134
3 72 134 133
3 73 74 135
3 73 135 134
3 74 75 136
3 74 136 135
3 75 76 137
3 75 137 136
3 76 77 138
3 76 138 137
3 77 78 139
3 77 139 138
3 78 79 140
3 78 140 139
3 79 80 141
3 79 141 140
3 80 81 142
3 80 142 141
3 81 82 143
3 81 143 142
3 82 83 144
3 82 144 143
3 83 84 145
3 83 145 144
3 84 85 146
3 84 146 145
3 85 86 147
3 85 147 146
3 86 87 148
3 86 148 147
3 87 88 149
3 87 149 148
3 88 89 150
3 88 150 149
3 89 90 151
3 89 151 150
3 90 91 152
3 90 152 151
3 91 92 153
3 91 153 152
3 92 93 154
3 92 154 153
3 93 94 155
3 93 155 154
3 94 95 156
3 94 156 155
3 95 96 157
3 95 157 156
3 96 97 158
3 96 158 157
3 97 98 159
3 97 159 158
3 98 99 160
3 98 160 159
3 99 100 161
3 99 161 160
3 100 101 162
3 100 162 161
3 101 102 163
3 101 163 162
3 102 103 164
3 102 164 163
3 103 104 165
3 103 165 164
3 104 105 166
3 104 166 165
3 105 106 167
3 105 167 166
3 106 107 168
3 106 168 167
3 107 108 169
3 107 169 168
3 108 109 170
3 108 170 169
3 109 110 171
3 109 171 170
3 110 111 172
3 110 172 171
3 111 112 173
3 111 173 172
3 112 113 174
3 112 174 173
3 113 114 175
3 113 175 174
3 114 115 176
3 114 176 175
3 115 116 177
3 115 177 176
3 116 117 178
3 116 178 177
3 117 118 179
3 117 179 178
3 118 119 180
3 118 180 179
3 119 120 181
3 119 181 180
3 120 121 182
3 120 182 181
3 122 123 184
3 122 184 183
3 123 124 185
3 123 185 184
3 124 125 186
3 124 186 185
3 125 126 187
3 125 187 186
3 126 127 188
3 126 188 187
3 127 128 189
3 127 189 188
3 128 129 190
3 128 190 189
3 129 130 191
3 129 191 190
3 130 131 192
3 130 192 191
3 131 132 193
3 131 193 192
3 132 133 194
3 132 194 193
3 133 134 195
3 133 195 194
3 134 135 196
3 134 196 195
3 135 136 197
3 135 197 196
3 136 137 198
3 136 198 197
3 137 138 199
3 137 199 198
3 138 139 200
3 138 200 199
3 139 140 201
3 139 201 200
3 140 141 202
3 140 202 201
3 141 142 203
3 141 203 202
3 142 143 204
3 142 204 203
3 143 144 205
3 143 205 204
3 144 145 206
3 144 206 205
3 145 146 207
3 145 207 206
3 146 147 208
3 146 208 207
3 147 148 209
3 147 209 208
3 148 149 210
3 148 210 209
3 149 150 211
3 149 211 210
3 150 151 212
3 150 212 211
3 151 152 213
3 151 213 212
3 152 153 214
3 152 214 213
3 153 154 215
3 153 215 214
3 154 155 216
3 154 216 215
3 155 156 217
3 155 217 216
3 156 157 218
3 156 218 217
3 157 158 219
3 157 219 218
3 158 159 220
3 158 220 219
3 159 160 221
3 159 221 220
3 160 161 222
3 160 222 221
3 161 162 223
3 161 223 222
3 162 163 224
3 162 224 223
3 163 164 225
3 163 225 224
3 164 165 226
3 164 226 225
3 165 166 227
3 165 227 226
3 166 167 228
3 166 228 227
3 167 168 229
3 167 229 228
3 168 169 230
3 168 230 229
3 169 170 231
3 169 231 230
3 170 171 232
3 170 232 231
3 171 172 233
3 171 233 232
3 172 173 234
3 172 234 233
3 173 174 235
3 173 235 234
3 174 175 236
3 174 236 235
3 175 176 237
3 175 237 236
3 176 177 238
3 176 238 237
3 177 178 239
3 177 239 238
3 178 179 240
3 178 240 239
3 179 180 241
3 179 241 240
3 180 181 242
3 180 242 241
3 181 182 243
3 181 243 242
3 183 184 245
3 183 245 244
3 184 185 246
3 184 246 245
3 185 186 247
3 185 247 246
3 186 187 248
3 186 248 247
3 187 188 249
3 187 249 248
3 188 189 250
3 188 250 249
3 189 190 251
3 189 251 250
3 190 191 252
3 190 252 251
3 191 192 253
3 191 253 252
3 192 193 254
3 192 254 253
3 193 194 255
3 193 255 254
3 194 195 256
3 194 256 255
3 195 196 257
3 195 257 256
3 196 197 258
3 196 258 257
3 197 198 259
3 197 259 258
3 198 199 260
3 198 260 259
3 199 200 261
3 199 261 260
3 200 201 262
3 200 262 261
3 201 202 263
3 201 263 262
3 202 203 264
3 202 264 263
3 203 204 265
3 203 265 264
3 204 205 266
3 204 266 265
3 205 206 267
3 205 267 266
3 206 207 268
3 206 268 267
3 207 208 269
3 207 269 268
3 208 209 270
3 208 270 269
3 209 210 271
3 209 271 270
3 210 211 272
3 210 272 271
3 211 212 273
3 211 273 272
3 212 213 274
3 212 274 273
3 213 214 275
3 213 275 274
3 214 215 276
3 214 276 275
3 215 216 277
3 215 277 276
3 216 217 278
3 216 278 277
3 217 218 279
3 217 279 278
3 218 219 280
3 218 280 279
3 219 220 281
3 219 281 280
3 220 221 282
3 220 282 281
3 221 222 283
3 221 283 282
3 222 223 284
3 222 284 283
3 223 224 285
3 223 285 284
3 224 225 286
3 224 286 285
3 225 226 287
3 225 287 286
3 226 227 288
3 226 288 287
3 227 228 289
3 227 289 288
3 228 229 290
3 228 290 289
3 229 230 291
3 229 291 290
3 230 231 292
3 230 292 291
3 231 232 293
3 231 293 292
3 232 233 294
3 232 294 293
3 233 234 295
3 233 295 294
3 234 235 296
3 234 296 295
3 235 236 297
3 235 297 296
3 236 237 298
3 236 298 297
3 237 238 299
3 237 299 298
3 238 239 300
3 238 300 299
3 239 240 301
3 239 301 300
3 240 241 302
3 240 302 301
3 241 242 303
3 241 303 302
3 242 243 304
3 242 304 303
